n=2
count=13
#1
(1, 2) (3, 1) 
#2
(1, 2) (3, 1) 
(1, 2) (3, 2) 
#3
(1, 2) (3, 1) 
(1, 2) (3, 2) 
(1, 2) (1, 3) 
#4
(1, 2) (3, 1) 
(1, 2) (3, 2) 
(1, 2) (1, 3) 
(1, 2) (2, 1) (3, 1) 
#5
(1, 2) (3, 1) 
(1, 2) (3, 2) 
(1, 2) (1, 3) 
(1, 2) (2, 1) (3, 1) 
(1, 2) (2, 1) (2, 3) 
#6
(1, 2) (3, 1) 
(1, 2) (3, 2) 
(1, 2) (1, 3) 
(1, 2) (2, 1) (3, 1) 
(1, 2) (2, 1) (2, 3) 
(1, 2) (3, 1) (2, 3) 
#7
(1, 2) (3, 1) 
(1, 2) (3, 2) 
(1, 2) (1, 3) 
(1, 2) (2, 1) (3, 1) 
(1, 2) (2, 1) (2, 3) 
(1, 2) (3, 1) (2, 3) 
(1, 2) (3, 1) (3, 2) 
#8
(1, 2) (3, 1) 
(1, 2) (3, 2) 
(1, 2) (1, 3) 
(1, 2) (2, 1) (3, 1) 
(1, 2) (2, 1) (2, 3) 
(1, 2) (3, 1) (2, 3) 
(1, 2) (3, 1) (3, 2) 
(1, 2) (2, 1) (3, 1) (2, 3) 
#9
(1, 2) (3, 1) 
(1, 2) (3, 2) 
(1, 2) (1, 3) 
(1, 2) (2, 1) (3, 1) 
(1, 2) (2, 1) (2, 3) 
(1, 2) (3, 1) (2, 3) 
(1, 2) (3, 1) (3, 2) 
(1, 2) (2, 1) (3, 1) (2, 3) 
(1, 2) (2, 1) (3, 1) (3, 2) 
#10
(1, 2) (3, 1) 
(1, 2) (3, 2) 
(1, 2) (1, 3) 
(1, 2) (2, 1) (3, 1) 
(1, 2) (2, 1) (2, 3) 
(1, 2) (3, 1) (2, 3) 
(1, 2) (3, 1) (3, 2) 
(1, 2) (2, 1) (3, 1) (2, 3) 
(1, 2) (2, 1) (3, 1) (3, 2) 
(1, 2) (2, 1) (3, 1) (1, 3) 
#11
(1, 2) (3, 1) 
(1, 2) (3, 2) 
(1, 2) (1, 3) 
(1, 2) (2, 1) (3, 1) 
(1, 2) (2, 1) (2, 3) 
(1, 2) (3, 1) (2, 3) 
(1, 2) (3, 1) (3, 2) 
(1, 2) (2, 1) (3, 1) (2, 3) 
(1, 2) (2, 1) (3, 1) (3, 2) 
(1, 2) (2, 1) (3, 1) (1, 3) 
(1, 2) (2, 1) (2, 3) (1, 3) 
#12
(1, 2) (3, 1) 
(1, 2) (3, 2) 
(1, 2) (1, 3) 
(1, 2) (2, 1) (3, 1) 
(1, 2) (2, 1) (2, 3) 
(1, 2) (3, 1) (2, 3) 
(1, 2) (3, 1) (3, 2) 
(1, 2) (2, 1) (3, 1) (2, 3) 
(1, 2) (2, 1) (3, 1) (3, 2) 
(1, 2) (2, 1) (3, 1) (1, 3) 
(1, 2) (2, 1) (2, 3) (1, 3) 
(1, 2) (2, 1) (3, 1) (2, 3) (3, 2) 
#13
(1, 2) (3, 1) 
(1, 2) (3, 2) 
(1, 2) (1, 3) 
(1, 2) (2, 1) (3, 1) 
(1, 2) (2, 1) (2, 3) 
(1, 2) (3, 1) (2, 3) 
(1, 2) (3, 1) (3, 2) 
(1, 2) (2, 1) (3, 1) (2, 3) 
(1, 2) (2, 1) (3, 1) (3, 2) 
(1, 2) (2, 1) (3, 1) (1, 3) 
(1, 2) (2, 1) (2, 3) (1, 3) 
(1, 2) (2, 1) (3, 1) (2, 3) (3, 2) 
(1, 2) (2, 1) (3, 1) (2, 3) (3, 2) (1, 3) 
